{
 "metadata": {
  "name": "",
  "signature": "sha256:40521de4f83259fae915b5ff4052d9552b52093e00feb50ab9ea82477c3cfedd"
 },
 "nbformat": 3,
 "nbformat_minor": 0,
 "worksheets": [
  {
   "cells": [
    {
     "cell_type": "code",
     "collapsed": false,
     "input": [
      "import numpy as np\n",
      "import scipy.stats as st\n",
      "import changepoint.init_functions as init\n",
      "import changepoint.full_conditionals_opt as cond_opt"
     ],
     "language": "python",
     "metadata": {},
     "outputs": [],
     "prompt_number": 21
    },
    {
     "cell_type": "code",
     "collapsed": false,
     "input": [
      "Yn_poisson = init.poisson_data()\n",
      "Theta = np.array([2, 2, 2])\n",
      "P = np.array([[0.8, 0.2, 0], [0, 0.9, 0.1], [0, 0, 1]])"
     ],
     "language": "python",
     "metadata": {},
     "outputs": [],
     "prompt_number": 29
    },
    {
     "cell_type": "code",
     "collapsed": false,
     "input": [
      "cond_opt.S_sampling(Yn_poisson, Theta, P, model=\"poisson\")"
     ],
     "language": "python",
     "metadata": {},
     "outputs": [
      {
       "metadata": {},
       "output_type": "pyout",
       "prompt_number": 30,
       "text": [
        "(array([ 1.,  1.,  1.,  1.,  1.,  1.,  1.,  1.,  1.,  1.,  1.,  1.,  2.,\n",
        "         2.,  2.,  2.,  2.,  2.,  2.,  2.,  2.,  2.,  2.,  2.,  2.,  3.,\n",
        "         3.,  3.,  3.,  3.,  3.,  3.,  3.,  3.,  3.,  3.,  3.,  3.,  3.,\n",
        "         3.,  3.,  3.,  3.,  3.,  3.,  3.,  3.,  3.,  3.,  3.,  3.,  3.,\n",
        "         3.,  3.,  3.,  3.,  3.,  3.,  3.,  3.,  3.,  3.,  3.,  3.,  3.,\n",
        "         3.,  3.,  3.,  3.,  3.,  3.,  3.,  3.,  3.,  3.,  3.,  3.,  3.,\n",
        "         3.,  3.,  3.,  3.,  3.,  3.,  3.,  3.,  3.,  3.,  3.,  3.,  3.,\n",
        "         3.,  3.,  3.,  3.,  3.,  3.,  3.,  3.,  3.,  3.,  3.,  3.,  3.,\n",
        "         3.,  3.,  3.,  3.,  3.,  3.,  3.,  3.]),\n",
        " array([[  1.00000000e+000,   0.00000000e+000,   0.00000000e+000],\n",
        "        [  1.00000000e+000,   0.00000000e+000,   0.00000000e+000],\n",
        "        [  1.00000000e+000,   0.00000000e+000,   0.00000000e+000],\n",
        "        [  1.00000000e+000,   0.00000000e+000,   0.00000000e+000],\n",
        "        [  1.00000000e+000,   0.00000000e+000,   0.00000000e+000],\n",
        "        [  1.00000000e+000,   0.00000000e+000,   0.00000000e+000],\n",
        "        [  1.00000000e+000,   0.00000000e+000,   0.00000000e+000],\n",
        "        [  1.00000000e+000,   0.00000000e+000,   0.00000000e+000],\n",
        "        [  1.00000000e+000,   0.00000000e+000,   0.00000000e+000],\n",
        "        [  1.00000000e+000,   0.00000000e+000,   0.00000000e+000],\n",
        "        [  1.00000000e+000,   0.00000000e+000,   0.00000000e+000],\n",
        "        [  4.01943390e-002,   9.59805661e-001,   0.00000000e+000],\n",
        "        [  3.44958241e-002,   9.65504176e-001,   0.00000000e+000],\n",
        "        [  2.97507101e-002,   9.70249290e-001,   0.00000000e+000],\n",
        "        [  2.57637513e-002,   9.74236249e-001,   0.00000000e+000],\n",
        "        [  2.23883932e-002,   9.77611607e-001,   0.00000000e+000],\n",
        "        [  1.95124801e-002,   9.80487520e-001,   0.00000000e+000],\n",
        "        [  1.70487264e-002,   9.82951274e-001,   0.00000000e+000],\n",
        "        [  1.49281952e-002,   9.85071805e-001,   0.00000000e+000],\n",
        "        [  1.30957330e-002,   9.86904267e-001,   0.00000000e+000],\n",
        "        [  1.15067060e-002,   9.88493294e-001,   0.00000000e+000],\n",
        "        [  1.01246265e-002,   9.89875373e-001,   0.00000000e+000],\n",
        "        [  8.91939643e-003,   9.91080604e-001,   0.00000000e+000],\n",
        "        [  7.86598806e-003,   9.92134012e-001,   0.00000000e+000],\n",
        "        [  0.00000000e+000,   1.74480877e-002,   9.82551912e-001],\n",
        "        [  0.00000000e+000,   1.55669153e-002,   9.84433085e-001],\n",
        "        [  0.00000000e+000,   1.39007397e-002,   9.86099260e-001],\n",
        "        [  0.00000000e+000,   1.24226178e-002,   9.87577382e-001],\n",
        "        [  0.00000000e+000,   1.11094435e-002,   9.88890556e-001],\n",
        "        [  0.00000000e+000,   9.94131320e-003,   9.90058687e-001],\n",
        "        [  0.00000000e+000,   8.90101209e-003,   9.91098988e-001],\n",
        "        [  0.00000000e+000,   7.97359697e-003,   9.92026403e-001],\n",
        "        [  0.00000000e+000,   7.14605313e-003,   9.92853947e-001],\n",
        "        [  0.00000000e+000,   6.40701143e-003,   9.93592989e-001],\n",
        "        [  0.00000000e+000,   5.74651299e-003,   9.94253487e-001],\n",
        "        [  0.00000000e+000,   5.15581263e-003,   9.94844187e-001],\n",
        "        [  0.00000000e+000,   4.62721359e-003,   9.95372786e-001],\n",
        "        [  0.00000000e+000,   4.15392800e-003,   9.95846072e-001],\n",
        "        [  0.00000000e+000,   3.72995833e-003,   9.96270042e-001],\n",
        "        [  0.00000000e+000,   3.34999647e-003,   9.96650004e-001],\n",
        "        [  0.00000000e+000,   3.00933721e-003,   9.96990663e-001],\n",
        "        [  0.00000000e+000,   2.70380393e-003,   9.97296196e-001],\n",
        "        [  0.00000000e+000,   2.42968455e-003,   9.97570315e-001],\n",
        "        [  0.00000000e+000,   2.18367598e-003,   9.97816324e-001],\n",
        "        [  0.00000000e+000,   1.96283605e-003,   9.98037164e-001],\n",
        "        [  0.00000000e+000,   1.76454154e-003,   9.98235458e-001],\n",
        "        [  0.00000000e+000,   1.58645155e-003,   9.98413548e-001],\n",
        "        [  0.00000000e+000,   1.42647553e-003,   9.98573524e-001],\n",
        "        [  0.00000000e+000,   1.28274512e-003,   9.98717255e-001],\n",
        "        [  0.00000000e+000,   1.15358948e-003,   9.98846411e-001],\n",
        "        [  0.00000000e+000,   1.03751350e-003,   9.98962486e-001],\n",
        "        [  0.00000000e+000,   9.33178634e-004,   9.99066821e-001],\n",
        "        [  0.00000000e+000,   8.39385890e-004,   9.99160614e-001],\n",
        "        [  0.00000000e+000,   7.55060823e-004,   9.99244939e-001],\n",
        "        [  0.00000000e+000,   6.79240204e-004,   9.99320760e-001],\n",
        "        [  0.00000000e+000,   6.11060196e-004,   9.99388940e-001],\n",
        "        [  0.00000000e+000,   5.49745841e-004,   9.99450254e-001],\n",
        "        [  0.00000000e+000,   4.94601704e-004,   9.99505398e-001],\n",
        "        [  0.00000000e+000,   4.45003547e-004,   9.99554996e-001],\n",
        "        [  0.00000000e+000,   4.00390898e-004,   9.99599609e-001],\n",
        "        [  0.00000000e+000,   3.60260424e-004,   9.99639740e-001],\n",
        "        [  0.00000000e+000,   3.24160017e-004,   9.99675840e-001],\n",
        "        [  0.00000000e+000,   2.91683503e-004,   9.99708316e-001],\n",
        "        [  0.00000000e+000,   2.62465914e-004,   9.99737534e-001],\n",
        "        [  0.00000000e+000,   2.36179258e-004,   9.99763821e-001],\n",
        "        [  0.00000000e+000,   2.12528735e-004,   9.99787471e-001],\n",
        "        [  0.00000000e+000,   1.91249341e-004,   9.99808751e-001],\n",
        "        [  0.00000000e+000,   1.72102831e-004,   9.99827897e-001],\n",
        "        [  0.00000000e+000,   1.54874996e-004,   9.99845125e-001],\n",
        "        [  0.00000000e+000,   1.39373218e-004,   9.99860627e-001],\n",
        "        [  0.00000000e+000,   1.25424282e-004,   9.99874576e-001],\n",
        "        [  0.00000000e+000,   1.12872407e-004,   9.99887128e-001],\n",
        "        [  0.00000000e+000,   1.01577482e-004,   9.99898423e-001],\n",
        "        [  0.00000000e+000,   9.14134852e-005,   9.99908587e-001],\n",
        "        [  0.00000000e+000,   8.22670547e-005,   9.99917733e-001],\n",
        "        [  0.00000000e+000,   7.40362164e-005,   9.99925964e-001],\n",
        "        [  0.00000000e+000,   6.66292341e-005,   9.99933371e-001],\n",
        "        [  0.00000000e+000,   5.99635781e-005,   9.99940036e-001],\n",
        "        [  0.00000000e+000,   5.39649985e-005,   9.99946035e-001],\n",
        "        [  0.00000000e+000,   4.85666922e-005,   9.99951433e-001],\n",
        "        [  0.00000000e+000,   4.37085544e-005,   9.99956291e-001],\n",
        "        [  0.00000000e+000,   3.93365050e-005,   9.99960663e-001],\n",
        "        [  0.00000000e+000,   3.54018840e-005,   9.99964598e-001],\n",
        "        [  0.00000000e+000,   3.18609067e-005,   9.99968139e-001],\n",
        "        [  0.00000000e+000,   2.86741747e-005,   9.99971326e-001],\n",
        "        [  0.00000000e+000,   2.58062361e-005,   9.99974194e-001],\n",
        "        [  0.00000000e+000,   2.32251888e-005,   9.99976775e-001],\n",
        "        [  0.00000000e+000,   2.09023257e-005,   9.99979098e-001],\n",
        "        [  0.00000000e+000,   1.88118134e-005,   9.99981188e-001],\n",
        "        [  0.00000000e+000,   1.69304047e-005,   9.99983070e-001],\n",
        "        [  0.00000000e+000,   1.52371795e-005,   9.99984763e-001],\n",
        "        [  0.00000000e+000,   1.37133114e-005,   9.99986287e-001],\n",
        "        [  0.00000000e+000,   1.23418583e-005,   9.99987658e-001],\n",
        "        [  0.00000000e+000,   1.11075734e-005,   9.99988892e-001],\n",
        "        [  0.00000000e+000,   9.99673554e-006,   9.99990003e-001],\n",
        "        [  0.00000000e+000,   8.99699658e-006,   9.99991003e-001],\n",
        "        [  0.00000000e+000,   8.09724379e-006,   9.99991903e-001],\n",
        "        [  0.00000000e+000,   7.28747625e-006,   9.99992713e-001],\n",
        "        [  0.00000000e+000,   6.55869357e-006,   9.99993441e-001],\n",
        "        [  0.00000000e+000,   5.90279573e-006,   9.99994097e-001],\n",
        "        [  0.00000000e+000,   5.31249303e-006,   9.99994688e-001],\n",
        "        [  0.00000000e+000,   4.78122494e-006,   9.99995219e-001],\n",
        "        [  0.00000000e+000,   4.30308719e-006,   9.99995697e-001],\n",
        "        [  0.00000000e+000,   3.87276608e-006,   9.99996127e-001],\n",
        "        [  0.00000000e+000,   3.48547941e-006,   9.99996515e-001],\n",
        "        [  0.00000000e+000,   3.13692330e-006,   9.99996863e-001],\n",
        "        [  0.00000000e+000,   2.82322433e-006,   9.99997177e-001],\n",
        "        [  0.00000000e+000,   2.54089651e-006,   9.99997459e-001],\n",
        "        [  0.00000000e+000,   2.28680248e-006,   9.99997713e-001],\n",
        "        [  0.00000000e+000,   2.05811868e-006,   9.99997942e-001],\n",
        "        [  0.00000000e+000,   1.85230393e-006,   9.99998148e-001],\n",
        "        [  4.38136253e-100,   4.17415206e-094,   1.00000000e+000]]),\n",
        " array([[  1.00000000e+00,   0.00000000e+00,   0.00000000e+00],\n",
        "        [  8.00000000e-01,   2.00000000e-01,   0.00000000e+00],\n",
        "        [  6.40000000e-01,   3.40000000e-01,   2.00000000e-02],\n",
        "        [  5.12000000e-01,   4.34000000e-01,   5.40000000e-02],\n",
        "        [  4.09600000e-01,   4.93000000e-01,   9.74000000e-02],\n",
        "        [  3.27680000e-01,   5.25620000e-01,   1.46700000e-01],\n",
        "        [  2.62144000e-01,   5.38594000e-01,   1.99262000e-01],\n",
        "        [  2.09715200e-01,   5.37163400e-01,   2.53121400e-01],\n",
        "        [  1.67772160e-01,   5.25390100e-01,   3.06837740e-01],\n",
        "        [  1.34217728e-01,   5.06405522e-01,   3.59376750e-01],\n",
        "        [  1.07374182e-01,   4.82608515e-01,   4.10017302e-01],\n",
        "        [  8.58993459e-02,   4.55822500e-01,   4.58278154e-01],\n",
        "        [  6.87194767e-02,   4.27420119e-01,   5.03860404e-01],\n",
        "        [  5.49755814e-02,   3.98422003e-01,   5.46602416e-01],\n",
        "        [  4.39804651e-02,   3.69574919e-01,   5.86444616e-01],\n",
        "        [  3.51843721e-02,   3.41413520e-01,   6.23402108e-01],\n",
        "        [  2.81474977e-02,   3.14309042e-01,   6.57543460e-01],\n",
        "        [  2.25179981e-02,   2.88507638e-01,   6.88974364e-01],\n",
        "        [  1.80143985e-02,   2.64160474e-01,   7.17825128e-01],\n",
        "        [  1.44115188e-02,   2.41347306e-01,   7.44241175e-01],\n",
        "        [  1.15292150e-02,   2.20094879e-01,   7.68375906e-01],\n",
        "        [  9.22337204e-03,   2.00391234e-01,   7.90385394e-01],\n",
        "        [  7.37869763e-03,   1.82196785e-01,   8.10424517e-01],\n",
        "        [  5.90295810e-03,   1.65452846e-01,   8.28644196e-01],\n",
        "        [  4.72236648e-03,   1.50088153e-01,   8.45189480e-01],\n",
        "        [  3.77789319e-03,   1.36023811e-01,   8.60198296e-01],\n",
        "        [  3.02231455e-03,   1.23177009e-01,   8.73800677e-01],\n",
        "        [  2.41785164e-03,   1.11463771e-01,   8.86118378e-01],\n",
        "        [  1.93428131e-03,   1.00800964e-01,   8.97264755e-01],\n",
        "        [  1.54742505e-03,   9.11077238e-02,   9.07344851e-01],\n",
        "        [  1.23794004e-03,   8.23064365e-02,   9.16455623e-01],\n",
        "        [  9.90352031e-04,   7.43233808e-02,   9.24686267e-01],\n",
        "        [  7.92281625e-04,   6.70891132e-02,   9.32118605e-01],\n",
        "        [  6.33825300e-04,   6.05386582e-02,   9.38827517e-01],\n",
        "        [  5.07060240e-04,   5.46115574e-02,   9.44881382e-01],\n",
        "        [  4.05648192e-04,   4.92518137e-02,   9.50342538e-01],\n",
        "        [  3.24518554e-04,   4.44077620e-02,   9.55267719e-01],\n",
        "        [  2.59614843e-04,   4.00318895e-02,   9.59708496e-01],\n",
        "        [  2.07691874e-04,   3.60806235e-02,   9.63711685e-01],\n",
        "        [  1.66153499e-04,   3.25140995e-02,   9.67319747e-01],\n",
        "        [  1.32922800e-04,   2.92959203e-02,   9.70571157e-01],\n",
        "        [  1.06338240e-04,   2.63929128e-02,   9.73500749e-01],\n",
        "        [  8.50705917e-05,   2.37748892e-02,   9.76140040e-01],\n",
        "        [  6.80564734e-05,   2.14144144e-02,   9.78517529e-01],\n",
        "        [  5.44451787e-05,   1.92865842e-02,   9.80658971e-01],\n",
        "        [  4.35561430e-05,   1.73688149e-02,   9.82587629e-01],\n",
        "        [  3.48449144e-05,   1.56406446e-02,   9.84324510e-01],\n",
        "        [  2.78759315e-05,   1.40835491e-02,   9.85888575e-01],\n",
        "        [  2.23007452e-05,   1.26807694e-02,   9.87296930e-01],\n",
        "        [  1.78405962e-05,   1.14171526e-02,   9.88565007e-01],\n",
        "        [  1.42724769e-05,   1.02790055e-02,   9.89706722e-01],\n",
        "        [  1.14179815e-05,   9.25395941e-03,   9.90734623e-01],\n",
        "        [  9.13438523e-06,   8.33084707e-03,   9.91660019e-01],\n",
        "        [  7.30750819e-06,   7.49958924e-03,   9.92493103e-01],\n",
        "        [  5.84600655e-06,   6.75109181e-03,   9.93243062e-01],\n",
        "        [  4.67680524e-06,   6.07715183e-03,   9.93918171e-01],\n",
        "        [  3.74144419e-06,   5.47037201e-03,   9.94525887e-01],\n",
        "        [  2.99315535e-06,   4.92408310e-03,   9.95072924e-01],\n",
        "        [  2.39452428e-06,   4.43227342e-03,   9.95565332e-01],\n",
        "        [  1.91561943e-06,   3.98952498e-03,   9.96008559e-01],\n",
        "        [  1.53249554e-06,   3.59095561e-03,   9.96407512e-01],\n",
        "        [  1.22599643e-06,   3.23216655e-03,   9.96766607e-01],\n",
        "        [  9.80797146e-07,   2.90919509e-03,   9.97089824e-01],\n",
        "        [  7.84637717e-07,   2.61847174e-03,   9.97380744e-01],\n",
        "        [  6.27710174e-07,   2.35678150e-03,   9.97642591e-01],\n",
        "        [  5.02168139e-07,   2.12122889e-03,   9.97878269e-01],\n",
        "        [  4.01734511e-07,   1.90920643e-03,   9.98090392e-01],\n",
        "        [  3.21387609e-07,   1.71836614e-03,   9.98281312e-01],\n",
        "        [  2.57110087e-07,   1.54659380e-03,   9.98453149e-01],\n",
        "        [  2.05688070e-07,   1.39198584e-03,   9.98607808e-01],\n",
        "        [  1.64550456e-07,   1.25282840e-03,   9.98747007e-01],\n",
        "        [  1.31640365e-07,   1.12757847e-03,   9.98872290e-01],\n",
        "        [  1.05312292e-07,   1.01484695e-03,   9.98985048e-01],\n",
        "        [  8.42498333e-08,   9.13383315e-04,   9.99086532e-01],\n",
        "        [  6.73998667e-08,   8.22061834e-04,   9.99177871e-01],\n",
        "        [  5.39198933e-08,   7.39869130e-04,   9.99260077e-01],\n",
        "        [  4.31359147e-08,   6.65893001e-04,   9.99334064e-01],\n",
        "        [  3.45087317e-08,   5.99312328e-04,   9.99400653e-01],\n",
        "        [  2.76069854e-08,   5.39387997e-04,   9.99460584e-01],\n",
        "        [  2.20855883e-08,   4.85454719e-04,   9.99514523e-01],\n",
        "        [  1.76684706e-08,   4.36913664e-04,   9.99563069e-01],\n",
        "        [  1.41347765e-08,   3.93225831e-04,   9.99606760e-01],\n",
        "        [  1.13078212e-08,   3.53906075e-04,   9.99646083e-01],\n",
        "        [  9.04625697e-09,   3.18517729e-04,   9.99681473e-01],\n",
        "        [  7.23700558e-09,   2.86667766e-04,   9.99713325e-01],\n",
        "        [  5.78960446e-09,   2.58002436e-04,   9.99741992e-01],\n",
        "        [  4.63168357e-09,   2.32203351e-04,   9.99767792e-01],\n",
        "        [  3.70534686e-09,   2.08983942e-04,   9.99791012e-01],\n",
        "        [  2.96427748e-09,   1.88086289e-04,   9.99811911e-01],\n",
        "        [  2.37142199e-09,   1.69278253e-04,   9.99830719e-01],\n",
        "        [  1.89713759e-09,   1.52350902e-04,   9.99847647e-01],\n",
        "        [  1.51771007e-09,   1.37116191e-04,   9.99862882e-01],\n",
        "        [  1.21416806e-09,   1.23404875e-04,   9.99876594e-01],\n",
        "        [  9.71334446e-10,   1.11064631e-04,   9.99888934e-01],\n",
        "        [  7.77067557e-10,   9.99583620e-05,   9.99900041e-01],\n",
        "        [  6.21654046e-10,   8.99626812e-05,   9.99910037e-01],\n",
        "        [  4.97323236e-10,   8.09665374e-05,   9.99919033e-01],\n",
        "        [  3.97858589e-10,   7.28699831e-05,   9.99927130e-01],\n",
        "        [  3.18286871e-10,   6.55830644e-05,   9.99934417e-01],\n",
        "        [  2.54629497e-10,   5.90248216e-05,   9.99940975e-01],\n",
        "        [  2.03703598e-10,   5.31223904e-05,   9.99946877e-01],\n",
        "        [  1.62962878e-10,   4.78101921e-05,   9.99952190e-01],\n",
        "        [  1.30370302e-10,   4.30292055e-05,   9.99956971e-01],\n",
        "        [  1.04296242e-10,   3.87263110e-05,   9.99961274e-01],\n",
        "        [  8.34369936e-11,   3.48537007e-05,   9.99965146e-01],\n",
        "        [  6.67495949e-11,   3.13683474e-05,   9.99968632e-01],\n",
        "        [  5.33996759e-11,   2.82315260e-05,   9.99971768e-01],\n",
        "        [  4.27197407e-11,   2.54083841e-05,   9.99974592e-01],\n",
        "        [  3.41757926e-11,   2.28675542e-05,   9.99977132e-01],\n",
        "        [  2.73406341e-11,   2.05808056e-05,   9.99979419e-01],\n",
        "        [  2.18725072e-11,   1.85227305e-05,   9.99981477e-01],\n",
        "        [  1.74980058e-11,   1.66704618e-05,   9.99983330e-01]]))"
       ]
      }
     ],
     "prompt_number": 30
    },
    {
     "cell_type": "code",
     "collapsed": false,
     "input": [
      "init.P(2)"
     ],
     "language": "python",
     "metadata": {},
     "outputs": [
      {
       "metadata": {},
       "output_type": "pyout",
       "prompt_number": 20,
       "text": [
        "array([[ 0.5,  0.5],\n",
        "       [ 0. ,  1. ]])"
       ]
      }
     ],
     "prompt_number": 20
    },
    {
     "cell_type": "code",
     "collapsed": false,
     "input": [
      "means = np.random.rand(10000)"
     ],
     "language": "python",
     "metadata": {},
     "outputs": [],
     "prompt_number": 11
    },
    {
     "cell_type": "code",
     "collapsed": false,
     "input": [
      "%%timeit\n",
      "xs = np.empty(10000)\n",
      "for i in range(10000):\n",
      "    xs[i] = st.beta(means[i], 2).rvs()"
     ],
     "language": "python",
     "metadata": {},
     "outputs": [
      {
       "output_type": "stream",
       "stream": "stdout",
       "text": [
        "1 loops, best of 3: 7.37 s per loop\n"
       ]
      }
     ],
     "prompt_number": 15
    },
    {
     "cell_type": "code",
     "collapsed": false,
     "input": [
      "%%timeit\n",
      "xs = st.beta(means, 2).rvs()"
     ],
     "language": "python",
     "metadata": {},
     "outputs": [
      {
       "output_type": "stream",
       "stream": "stdout",
       "text": [
        "100 loops, best of 3: 4.12 ms per loop\n"
       ]
      }
     ],
     "prompt_number": 16
    },
    {
     "cell_type": "code",
     "collapsed": false,
     "input": [
      "%%timeit\n",
      "res = np.array([1])\n",
      "for i in range(10000):\n",
      "    res = np.append(res, [1])"
     ],
     "language": "python",
     "metadata": {},
     "outputs": [
      {
       "output_type": "stream",
       "stream": "stdout",
       "text": [
        "10 loops, best of 3: 63.1 ms per loop\n"
       ]
      }
     ],
     "prompt_number": 16
    },
    {
     "cell_type": "code",
     "collapsed": false,
     "input": [
      "%%timeit\n",
      "res = np.empty(10000)\n",
      "for i in range(10000):\n",
      "    res[i] = 1"
     ],
     "language": "python",
     "metadata": {},
     "outputs": [
      {
       "output_type": "stream",
       "stream": "stdout",
       "text": [
        "1000 loops, best of 3: 942 \u00b5s per loop\n"
       ]
      }
     ],
     "prompt_number": 17
    },
    {
     "cell_type": "code",
     "collapsed": false,
     "input": [
      "f = lambda mean: st.norm(mean, scale=0.001).rvs()\n",
      "means = np.random.rand(5)\n",
      "means"
     ],
     "language": "python",
     "metadata": {},
     "outputs": [
      {
       "metadata": {},
       "output_type": "pyout",
       "prompt_number": 27,
       "text": [
        "array([ 0.45179304,  0.39519299,  0.59927669,  0.33191674,  0.81403103])"
       ]
      }
     ],
     "prompt_number": 27
    },
    {
     "cell_type": "code",
     "collapsed": false,
     "input": [
      "np.apply_along_axis(f, axis=0, arr=means)"
     ],
     "language": "python",
     "metadata": {},
     "outputs": [
      {
       "metadata": {},
       "output_type": "pyout",
       "prompt_number": 32,
       "text": [
        "array([ 0.45196453,  0.39536448,  0.59944818,  0.33208823,  0.81420252])"
       ]
      }
     ],
     "prompt_number": 32
    },
    {
     "cell_type": "code",
     "collapsed": false,
     "input": [
      "f(means)"
     ],
     "language": "python",
     "metadata": {},
     "outputs": [
      {
       "metadata": {},
       "output_type": "pyout",
       "prompt_number": 33,
       "text": [
        "array([ 0.45217954,  0.39557948,  0.59966319,  0.33230323,  0.81441753])"
       ]
      }
     ],
     "prompt_number": 33
    },
    {
     "cell_type": "code",
     "collapsed": false,
     "input": [
      "def Nk(k, Sn):\n",
      "    return np.sum(Sn == k)"
     ],
     "language": "python",
     "metadata": {},
     "outputs": [],
     "prompt_number": 34
    },
    {
     "cell_type": "code",
     "collapsed": false,
     "input": [
      "Sns = np.random.choice((1,2), size=(100, 10000))"
     ],
     "language": "python",
     "metadata": {},
     "outputs": [],
     "prompt_number": 37
    },
    {
     "cell_type": "code",
     "collapsed": false,
     "input": [
      "Nk(1, Sns)"
     ],
     "language": "python",
     "metadata": {},
     "outputs": [
      {
       "metadata": {},
       "output_type": "pyout",
       "prompt_number": 39,
       "text": [
        "500551"
       ]
      }
     ],
     "prompt_number": 39
    },
    {
     "cell_type": "code",
     "collapsed": false,
     "input": [
      "st.norm(loc=np.array([1,2])).rvs()"
     ],
     "language": "python",
     "metadata": {},
     "outputs": [
      {
       "metadata": {},
       "output_type": "pyout",
       "prompt_number": 4,
       "text": [
        "array([ 0.94181887,  1.94181887])"
       ]
      }
     ],
     "prompt_number": 4
    },
    {
     "cell_type": "code",
     "collapsed": false,
     "input": [],
     "language": "python",
     "metadata": {},
     "outputs": []
    }
   ],
   "metadata": {}
  }
 ]
}